0.000000 0.000000 0.000000 -0.000000 0.000000 0.000000 
0.010000 0.150000 0.000000 -0.000000 0.000000 0.000000 
0.020000 0.300000 0.000000 -0.000000 0.000000 0.000000 
0.030000 0.450000 0.000000 -0.000000 0.000000 0.000000 
0.040000 0.600000 0.000000 -0.000000 0.000000 0.000000 
0.050000 0.750000 0.000000 -0.000000 0.000000 0.000000 
0.060000 0.900000 0.000000 -0.000000 0.000000 0.000000 
0.070000 1.050000 0.000000 -0.000000 0.000000 0.000000 
0.080000 1.200000 0.000000 -0.000000 0.000000 0.000000 
0.090000 1.350000 0.000000 -0.000000 0.000000 0.000000 
0.100000 1.500000 0.000000 -0.000000 0.000000 0.000000 
0.110000 1.650000 0.000000 -0.000000 0.000000 0.000000 
0.120000 1.800000 0.000000 -0.000000 0.000000 0.000000 
0.130000 1.950000 0.000000 -0.000000 0.000000 0.000000 
0.140000 2.100000 0.000000 -0.000000 0.000000 0.000000 
0.150000 2.250000 0.000000 -0.000000 0.000000 0.000000 
0.160000 2.400000 0.000000 -0.000000 0.000000 0.000000 
0.170000 2.550000 0.000000 -0.000000 0.000000 0.000000 
0.180000 2.700000 0.000000 -0.000000 0.000000 0.000000 
0.190000 2.850000 0.000000 -0.000000 0.000000 0.000000 
0.200000 3.000000 0.000000 -0.000000 0.000000 0.000000 
0.210000 3.150000 0.000000 -0.000000 0.000000 0.000000 
0.220000 3.300000 0.000000 -0.000000 0.000000 0.000000 
0.230000 3.450000 0.000000 -0.000000 0.000000 0.000000 
0.240000 3.600000 0.000000 -0.000000 0.000000 0.000000 
0.250000 3.750000 0.000000 -0.000000 0.000000 0.000000 
0.260000 3.900000 0.000000 -0.000000 0.000000 0.000000 
0.270000 4.050000 0.000000 -0.000000 0.000000 0.000000 
0.280000 4.200000 0.000000 -0.000000 0.000000 0.000000 
0.290000 4.350000 0.000000 -0.000000 0.000000 0.000000 
0.300000 4.500000 0.000000 -0.000000 0.000000 0.000000 
0.310000 4.650000 0.000000 -0.000000 0.000000 0.000000 
0.320000 4.800000 0.000000 -0.000000 0.000000 0.000000 
0.330000 4.950000 0.000000 -0.000000 0.000000 0.000000 
0.340000 5.100000 0.000000 -0.000000 0.000000 0.000000 
0.350000 5.250000 0.000000 -0.000000 0.000000 0.000000 
0.360000 5.400000 0.000000 -0.000000 0.000000 0.000000 
0.370000 5.550000 0.000000 -0.000000 0.000000 0.000000 
0.380000 5.700000 0.000000 -0.000000 0.000000 0.000000 
0.390000 5.850000 0.000000 -0.000000 0.000000 0.000000 
0.400000 6.000000 0.000000 -0.000000 0.000000 0.000000 
0.410000 6.150000 0.000000 -0.000000 0.000000 0.000000 
0.420000 6.300000 0.000000 -0.000000 0.000000 0.000000 
0.430000 6.450000 0.000000 -0.000000 0.000000 0.000000 
0.440000 6.600000 0.000000 -0.000000 0.000000 0.000000 
0.450000 6.750000 0.000000 -0.000000 0.000000 0.000000 
0.460000 6.900000 0.000000 -0.000000 0.000000 0.000000 
0.470000 7.050000 0.000000 -0.000000 0.000000 0.000000 
0.480000 7.200000 0.000000 -0.000000 0.000000 0.000000 
0.490000 7.350000 0.000000 -0.000000 0.000000 0.000000 
0.500000 7.500000 0.000000 -0.000000 0.000000 0.000000 
0.510000 7.650000 0.000000 -0.000000 0.000000 0.000000 
0.520000 7.800000 0.000000 -0.000000 0.000000 0.000000 
0.530000 7.950000 0.000000 -0.000000 0.000000 0.000000 
0.540000 8.100000 0.000000 -0.000000 0.000000 0.000000 
0.550000 8.250000 0.000000 -0.000000 0.000000 0.000000 
0.560000 8.400000 0.000000 -0.000000 0.000000 0.000000 
0.570000 8.550000 0.000000 -0.000000 0.000000 0.000000 
0.580000 8.700000 0.000000 -0.000000 0.000000 0.000000 
0.590000 8.850000 0.000000 -0.000000 0.000000 0.000000 
0.600000 9.000000 0.000000 -0.000000 0.000000 0.000000 
0.610000 9.150000 0.000000 -0.000000 0.000000 0.000000 
0.620000 9.300000 0.000000 -0.000000 0.000000 0.000000 
0.630000 9.450000 0.000000 -0.000000 0.000000 0.000000 
0.640000 9.600000 0.000000 -0.000000 0.000000 0.000000 
0.650000 9.750000 0.000000 -0.000000 0.000000 0.000000 
0.660000 9.900000 0.000000 -0.000000 0.000000 0.000000 
0.670000 10.050000 0.000000 -0.000000 0.000000 0.000000 
0.680000 10.200000 0.000000 -0.000000 0.000000 0.000000 
0.690000 10.350000 0.000000 -0.000000 0.000000 0.000000 
0.700000 10.500000 0.000000 -0.000000 0.000000 0.000000 
0.710000 10.650000 0.000000 -0.000000 0.000000 0.000000 
0.720000 10.800000 0.000000 -0.000000 0.000000 0.000000 
0.730000 10.950000 0.000000 -0.000000 0.000000 0.000000 
0.740000 11.100000 0.000000 -0.000000 0.000000 0.000000 
0.750000 11.250000 0.000000 -0.000000 0.000000 0.000000 
0.760000 11.400000 0.000000 -0.000000 0.000000 0.000000 
0.770000 11.550000 0.000000 -0.000000 0.000000 0.000000 
0.780000 11.700000 0.000000 -0.000000 0.000000 0.000000 
0.790000 11.850000 0.000000 -0.000000 0.000000 0.000000 
0.800000 12.000000 0.000000 -0.000000 0.000000 0.000000 
0.810000 12.150000 0.000000 -0.000000 0.000000 0.000000 
0.820000 12.300000 0.000000 -0.000000 0.000000 0.000000 
0.830000 12.450000 0.000000 -0.000000 0.000000 0.000000 
0.840000 12.600000 0.000000 -0.000000 0.000000 0.000000 
0.850000 12.750000 0.000000 -0.000000 0.000000 0.000000 
0.860000 12.900000 0.000000 -0.000000 0.000000 0.000000 
0.870000 13.050000 0.000000 -0.000000 0.000000 0.000000 
0.880000 13.200000 0.000000 -0.000000 0.000000 0.000000 
0.890000 13.350000 0.000000 -0.000000 0.000000 0.000000 
0.900000 13.500000 0.000000 -0.000000 0.000000 0.000000 
0.910000 13.650000 0.000000 -0.000000 0.000000 0.000000 
0.920000 13.800000 0.000000 -0.000000 0.000000 0.000000 
0.930000 13.950000 0.000000 -0.000000 0.000000 0.000000 
0.940000 14.100000 0.000000 -0.000000 0.000000 0.000000 
0.950000 14.250000 0.000000 -0.000000 0.000000 0.000000 
0.960000 14.400000 0.000000 -0.000000 0.000000 0.000000 
0.970000 14.550000 0.000000 -0.000000 0.000000 0.000000 
0.980000 14.700000 0.000000 -0.000000 0.000000 0.000000 
0.990000 14.850000 0.000000 -0.000000 0.000000 0.000000 
1.000000 15.000000 0.000000 -0.000000 0.000000 0.000000 
1.010000 15.150000 0.000000 -0.000952 0.002666 0.000877 
1.020000 15.300000 0.000004 -0.001903 0.005331 0.001754 
1.030000 15.450000 0.000016 -0.002852 0.007992 0.002629 
1.040000 15.600000 0.000040 -0.003800 0.010648 0.003503 
1.050000 15.750000 0.000080 -0.004746 0.013297 0.004375 
1.060000 15.900000 0.000140 -0.005688 0.015938 0.005244 
1.070000 16.050000 0.000224 -0.006627 0.018569 0.006109 
1.080000 16.200000 0.000335 -0.007562 0.021188 0.006971 
1.090000 16.350000 0.000479 -0.008492 0.023794 0.007829 
1.100000 16.500000 0.000658 -0.009417 0.026384 0.008681 
1.110000 16.650000 0.000877 -0.010336 0.028958 0.009528 
1.120000 16.799999 0.001139 -0.011248 0.031514 0.010369 
1.130000 16.949999 0.001448 -0.012153 0.034050 0.011203 
1.140000 17.099999 0.001809 -0.013050 0.036564 0.012030 
1.150000 17.249998 0.002224 -0.013939 0.039056 0.012850 
1.160000 17.399997 0.002698 -0.014820 0.041522 0.013662 
1.170000 17.549996 0.003234 -0.015691 0.043963 0.014464 
1.180000 17.699995 0.003836 -0.016552 0.046375 0.015258 
1.190000 17.849994 0.004508 -0.017402 0.048759 0.016042 
1.200000 17.999992 0.005253 -0.018242 0.051111 0.016816 
1.210000 18.149990 0.006074 -0.019070 0.053431 0.017580 
1.220000 18.299987 0.006976 -0.019886 0.055718 0.018332 
1.230000 18.449984 0.007961 -0.020690 0.057969 0.019073 
1.240000 18.599980 0.009033 -0.021480 0.060184 0.019801 
1.250000 18.749975 0.010196 -0.022257 0.062360 0.020518 
1.260000 18.899970 0.011452 -0.023020 0.064498 0.021221 
1.270000 19.049964 0.012805 -0.023768 0.066594 0.021911 
1.280000 19.199957 0.014257 -0.024501 0.068649 0.022587 
1.290000 19.349949 0.015813 -0.025219 0.070660 0.023248 
1.300000 19.499940 0.017474 -0.025921 0.072626 0.023895 
1.310000 19.649929 0.019245 -0.026606 0.074547 0.024527 
1.320000 19.799917 0.021127 -0.027275 0.076420 0.025144 
1.330000 19.949904 0.023124 -0.027927 0.078246 0.025744 
1.340000 20.099889 0.025238 -0.028560 0.080021 0.026328 
1.350000 20.249872 0.027473 -0.029176 0.081747 0.026896 
1.360000 20.399854 0.029830 -0.029773 0.083420 0.027447 
1.370000 20.549833 0.032312 -0.030352 0.085041 0.027980 
1.380000 20.699811 0.034921 -0.030911 0.086608 0.028496 
1.390000 20.849786 0.037661 -0.031451 0.088121 0.028993 
1.400000 20.999758 0.040532 -0.031971 0.089578 0.029473 
1.410000 21.149728 0.043538 -0.032471 0.090978 0.029933 
1.420000 21.299695 0.046681 -0.032950 0.092321 0.030375 
1.430000 21.449659 0.049962 -0.033409 0.093606 0.030798 
1.440000 21.599620 0.053383 -0.033846 0.094831 0.031201 
1.450000 21.749578 0.056946 -0.034262 0.095996 0.031584 
1.460000 21.899532 0.060654 -0.034656 0.097101 0.031948 
1.470000 22.049483 0.064507 -0.035029 0.098145 0.032291 
1.480000 22.199429 0.068507 -0.035379 0.099126 0.032614 
1.490000 22.349372 0.072656 -0.035707 0.100045 0.032917 
1.500000 22.499310 0.076955 -0.036013 0.100901 0.033198 
1.510000 22.649244 0.081405 -0.036295 0.101693 0.033459 
1.520000 22.799174 0.086007 -0.036555 0.102421 0.033698 
1.530000 22.949098 0.090763 -0.036792 0.103084 0.033916 
1.540000 23.099018 0.095674 -0.037005 0.103682 0.034113 
1.550000 23.248932 0.100740 -0.037195 0.104215 0.034288 
1.560000 23.398841 0.105962 -0.037362 0.104681 0.034442 
1.570000 23.548745 0.111342 -0.037505 0.105082 0.034574 
1.580000 23.698643 0.116879 -0.037624 0.105416 0.034684 
1.590000 23.848534 0.122573 -0.037719 0.105684 0.034772 
1.600000 23.998420 0.128427 -0.037791 0.105884 0.034838 
1.610000 24.148300 0.134438 -0.037839 0.106018 0.034882 
1.620000 24.298173 0.140609 -0.037863 0.106085 0.034904 
1.630000 24.448039 0.146939 -0.037863 0.106085 0.034904 
1.640000 24.597899 0.153428 -0.037839 0.106018 0.034882 
1.650000 24.747751 0.160075 -0.037791 0.105884 0.034838 
1.660000 24.897597 0.166882 -0.037719 0.105684 0.034772 
1.670000 25.047435 0.173846 -0.037624 0.105416 0.034684 
1.680000 25.197266 0.180969 -0.037505 0.105082 0.034574 
1.690000 25.347089 0.188249 -0.037362 0.104681 0.034442 
1.700000 25.496905 0.195686 -0.037195 0.104215 0.034288 
1.710000 25.646712 0.203279 -0.037005 0.103682 0.034113 
1.720000 25.796512 0.211027 -0.036792 0.103084 0.033916 
1.730000 25.946304 0.218930 -0.036555 0.102421 0.033698 
1.740000 26.096087 0.226986 -0.036295 0.101693 0.033459 
1.750000 26.245862 0.235195 -0.036013 0.100901 0.033198 
1.760000 26.395629 0.243554 -0.035707 0.100045 0.032917 
1.770000 26.545388 0.252064 -0.035379 0.099126 0.032614 
1.780000 26.695138 0.260722 -0.035029 0.098145 0.032291 
1.790000 26.844879 0.269527 -0.034656 0.097101 0.031948 
1.800000 26.994612 0.278477 -0.034262 0.095996 0.031584 
1.810000 27.144336 0.287571 -0.033846 0.094831 0.031201 
1.820000 27.294051 0.296807 -0.033409 0.093606 0.030798 
1.830000 27.443758 0.306183 -0.032950 0.092321 0.030375 
1.840000 27.593456 0.315697 -0.032471 0.090978 0.029933 
1.850000 27.743145 0.325348 -0.031971 0.089578 0.029473 
1.860000 27.892826 0.335132 -0.031451 0.088121 0.028993 
1.870000 28.042497 0.345049 -0.030911 0.086608 0.028496 
1.880000 28.192161 0.355095 -0.030352 0.085041 0.027980 
1.890000 28.341815 0.365268 -0.029773 0.083420 0.027447 
1.900000 28.491461 0.375566 -0.029176 0.081747 0.026896 
1.910000 28.641099 0.385987 -0.028560 0.080021 0.026328 
1.920000 28.790728 0.396527 -0.027927 0.078246 0.025744 
1.930000 28.940349 0.407185 -0.027275 0.076420 0.025144 
1.940000 29.089962 0.417956 -0.026606 0.074547 0.024527 
1.950000 29.239566 0.428839 -0.025921 0.072626 0.023895 
1.960000 29.389163 0.439831 -0.025219 0.070660 0.023248 
1.970000 29.538752 0.450929 -0.024501 0.068649 0.022587 
1.980000 29.688333 0.462129 -0.023768 0.066594 0.021911 
1.990000 29.837907 0.473429 -0.023020 0.064498 0.021221 
2.000000 29.987474 0.484825 -0.022257 0.062360 0.020518 
2.010000 30.137033 0.496315 -0.021480 0.060184 0.019801 
2.020000 30.286585 0.507895 -0.020690 0.057969 0.019073 
2.030000 30.436131 0.519561 -0.019886 0.055718 0.018332 
2.040000 30.585670 0.531311 -0.019070 0.053431 0.017580 
2.050000 30.735203 0.543140 -0.018242 0.051111 0.016816 
2.060000 30.884730 0.555046 -0.017402 0.048759 0.016042 
2.070000 31.034251 0.567025 -0.016552 0.046375 0.015258 
2.080000 31.183766 0.579073 -0.015691 0.043963 0.014464 
2.090000 31.333276 0.591187 -0.014820 0.041522 0.013662 
2.100000 31.482781 0.603363 -0.013939 0.039056 0.012850 
2.110000 31.632281 0.615597 -0.013050 0.036564 0.012030 
2.120000 31.781777 0.627886 -0.012153 0.034050 0.011203 
2.130000 31.931268 0.640226 -0.011248 0.031514 0.010369 
2.140000 32.080756 0.652613 -0.010336 0.028958 0.009528 
2.150000 32.230240 0.665044 -0.009417 0.026384 0.008681 
2.160000 32.379721 0.677514 -0.008492 0.023794 0.007829 
2.170000 32.529199 0.690019 -0.007562 0.021188 0.006971 
2.180000 32.678674 0.702556 -0.006627 0.018569 0.006109 
2.190000 32.828147 0.715121 -0.005688 0.015938 0.005244 
2.200000 32.977618 0.727709 -0.004746 0.013297 0.004375 
2.210000 33.127087 0.740318 -0.003800 0.010648 0.003503 
2.220000 33.276555 0.752942 -0.002852 0.007992 0.002629 
2.230000 33.426021 0.765579 -0.001903 0.005331 0.001754 
2.240000 33.575487 0.778223 -0.000952 0.002666 0.000877 
2.250000 33.724953 0.790871 -0.000000 0.000000 0.000000 
2.260000 33.874419 0.803520 0.000952 -0.002666 -0.000877 
2.270000 34.023885 0.816164 0.001903 -0.005331 -0.001754 
2.280000 34.173352 0.828800 0.002852 -0.007992 -0.002629 
2.290000 34.322820 0.841425 0.003800 -0.010648 -0.003503 
2.300000 34.472289 0.854033 0.004746 -0.013297 -0.004375 
2.310000 34.621760 0.866622 0.005688 -0.015938 -0.005244 
2.320000 34.771233 0.879187 0.006627 -0.018569 -0.006109 
2.330000 34.920708 0.891724 0.007562 -0.021188 -0.006971 
2.340000 35.070186 0.904229 0.008492 -0.023794 -0.007829 
2.350000 35.219666 0.916699 0.009417 -0.026384 -0.008681 
2.360000 35.369150 0.929129 0.010336 -0.028958 -0.009528 
2.370000 35.518638 0.941516 0.011248 -0.031514 -0.010369 
2.380000 35.668130 0.953856 0.012153 -0.034050 -0.011203 
2.390000 35.817625 0.966145 0.013050 -0.036564 -0.012030 
2.400000 35.967126 0.978380 0.013939 -0.039056 -0.012850 
2.410000 36.116631 0.990556 0.014820 -0.041522 -0.013662 
2.420000 36.266141 1.002670 0.015691 -0.043963 -0.014464 
2.430000 36.415656 1.014718 0.016552 -0.046375 -0.015258 
2.440000 36.565177 1.026697 0.017402 -0.048759 -0.016042 
2.450000 36.714704 1.038603 0.018242 -0.051111 -0.016816 
2.460000 36.864236 1.050432 0.019070 -0.053431 -0.017580 
2.470000 37.013776 1.062182 0.019886 -0.055718 -0.018332 
2.480000 37.163321 1.073848 0.020690 -0.057969 -0.019073 
2.490000 37.312874 1.085428 0.021480 -0.060184 -0.019801 
2.500000 37.462433 1.096917 0.022257 -0.062360 -0.020518 
2.510000 37.611999 1.108314 0.023020 -0.064498 -0.021221 
2.520000 37.761573 1.119614 0.023768 -0.066594 -0.021911 
2.530000 37.911154 1.130814 0.024501 -0.068649 -0.022587 
2.540000 38.060743 1.141911 0.025219 -0.070660 -0.023248 
2.550000 38.210340 1.152903 0.025921 -0.072626 -0.023895 
2.560000 38.359945 1.163786 0.026606 -0.074547 -0.024527 
2.570000 38.509557 1.174558 0.027275 -0.076420 -0.025144 
2.580000 38.659178 1.185215 0.027927 -0.078246 -0.025744 
2.590000 38.808808 1.195756 0.028560 -0.080021 -0.026328 
2.600000 38.958445 1.206176 0.029176 -0.081747 -0.026896 
2.610000 39.108091 1.216474 0.029773 -0.083420 -0.027447 
2.620000 39.257746 1.226648 0.030352 -0.085041 -0.027980 
2.630000 39.407409 1.236694 0.030911 -0.086608 -0.028496 
2.640000 39.557081 1.246610 0.031451 -0.088121 -0.028993 
2.650000 39.706761 1.256395 0.031971 -0.089578 -0.029473 
2.660000 39.856451 1.266046 0.032471 -0.090978 -0.029933 
2.670000 40.006149 1.275560 0.032950 -0.092321 -0.030375 
2.680000 40.155855 1.284936 0.033409 -0.093606 -0.030798 
2.690000 40.305571 1.294172 0.033846 -0.094831 -0.031201 
2.700000 40.455295 1.303266 0.034262 -0.095996 -0.031584 
2.710000 40.605027 1.312216 0.034656 -0.097101 -0.031948 
2.720000 40.754769 1.321021 0.035029 -0.098145 -0.032291 
2.730000 40.904519 1.329679 0.035379 -0.099126 -0.032614 
2.740000 41.054277 1.338188 0.035707 -0.100045 -0.032917 
2.750000 41.204044 1.346548 0.036013 -0.100901 -0.033198 
2.760000 41.353819 1.354756 0.036295 -0.101693 -0.033459 
2.770000 41.503603 1.362813 0.036555 -0.102421 -0.033698 
2.780000 41.653395 1.370715 0.036792 -0.103084 -0.033916 
2.790000 41.803194 1.378464 0.037005 -0.103682 -0.034113 
2.800000 41.953002 1.386057 0.037195 -0.104215 -0.034288 
2.810000 42.102817 1.393494 0.037362 -0.104681 -0.034442 
2.820000 42.252641 1.400774 0.037505 -0.105082 -0.034574 
2.830000 42.402472 1.407896 0.037624 -0.105416 -0.034684 
2.840000 42.552310 1.414861 0.037719 -0.105684 -0.034772 
2.850000 42.702155 1.421667 0.037791 -0.105884 -0.034838 
2.860000 42.852008 1.428315 0.037839 -0.106018 -0.034882 
2.870000 43.001867 1.434804 0.037863 -0.106085 -0.034904 
2.880000 43.151734 1.441133 0.037863 -0.106085 -0.034904 
2.890000 43.301607 1.447304 0.037839 -0.106018 -0.034882 
2.900000 43.451486 1.453316 0.037791 -0.105884 -0.034838 
2.910000 43.601372 1.459169 0.037719 -0.105684 -0.034772 
2.920000 43.751264 1.464864 0.037624 -0.105416 -0.034684 
2.930000 43.901162 1.470401 0.037505 -0.105082 -0.034574 
2.940000 44.051065 1.475780 0.037362 -0.104681 -0.034442 
2.950000 44.200974 1.481003 0.037195 -0.104215 -0.034288 
2.960000 44.350889 1.486069 0.037005 -0.103682 -0.034113 
2.970000 44.500808 1.490979 0.036792 -0.103084 -0.033916 
2.980000 44.650733 1.495735 0.036555 -0.102421 -0.033698 
2.990000 44.800662 1.500338 0.036295 -0.101693 -0.033459 
3.000000 44.950596 1.504788 0.036013 -0.100901 -0.033198 
3.010000 45.100535 1.509087 0.035707 -0.100045 -0.032917 
3.020000 45.250477 1.513236 0.035379 -0.099126 -0.032614 
3.030000 45.400424 1.517236 0.035029 -0.098145 -0.032291 
3.040000 45.550374 1.521089 0.034656 -0.097101 -0.031948 
3.050000 45.700329 1.524796 0.034262 -0.095996 -0.031584 
3.060000 45.850286 1.528360 0.033846 -0.094831 -0.031201 
3.070000 46.000247 1.531781 0.033409 -0.093606 -0.030798 
3.080000 46.150211 1.535062 0.032950 -0.092321 -0.030375 
3.090000 46.300178 1.538204 0.032471 -0.090978 -0.029933 
3.100000 46.450148 1.541210 0.031971 -0.089578 -0.029473 
3.110000 46.600121 1.544082 0.031451 -0.088121 -0.028993 
3.120000 46.750096 1.546821 0.030911 -0.086608 -0.028496 
3.130000 46.900073 1.549431 0.030352 -0.085041 -0.027980 
3.140000 47.050053 1.551913 0.029773 -0.083420 -0.027447 
3.150000 47.200034 1.554270 0.029176 -0.081747 -0.026896 
3.160000 47.350017 1.556504 0.028560 -0.080021 -0.026328 
3.170000 47.500002 1.558619 0.027927 -0.078246 -0.025744 
3.180000 47.649989 1.560615 0.027275 -0.076420 -0.025144 
3.190000 47.799977 1.562498 0.026606 -0.074547 -0.024527 
3.200000 47.949967 1.564268 0.025921 -0.072626 -0.023895 
3.210000 48.099958 1.565930 0.025219 -0.070660 -0.023248 
3.220000 48.249950 1.567485 0.024501 -0.068649 -0.022587 
3.230000 48.399943 1.568938 0.023768 -0.066594 -0.021911 
3.240000 48.549937 1.570291 0.023020 -0.064498 -0.021221 
3.250000 48.699931 1.571547 0.022257 -0.062360 -0.020518 
3.260000 48.849927 1.572709 0.021480 -0.060184 -0.019801 
3.270000 48.999923 1.573781 0.020690 -0.057969 -0.019073 
3.280000 49.149920 1.574767 0.019886 -0.055718 -0.018332 
3.290000 49.299917 1.575668 0.019070 -0.053431 -0.017580 
3.300000 49.449915 1.576490 0.018242 -0.051111 -0.016816 
3.310000 49.599913 1.577235 0.017402 -0.048759 -0.016042 
3.320000 49.749911 1.577906 0.016552 -0.046375 -0.015258 
3.330000 49.899910 1.578509 0.015691 -0.043963 -0.014464 
3.340000 50.049909 1.579045 0.014820 -0.041522 -0.013662 
3.350000 50.199908 1.579519 0.013939 -0.039056 -0.012850 
3.360000 50.349908 1.579934 0.013050 -0.036564 -0.012030 
3.370000 50.499907 1.580295 0.012153 -0.034050 -0.011203 
3.380000 50.649907 1.580604 0.011248 -0.031514 -0.010369 
3.390000 50.799907 1.580866 0.010336 -0.028958 -0.009528 
3.400000 50.949907 1.581085 0.009417 -0.026384 -0.008681 
3.410000 51.099907 1.581264 0.008492 -0.023794 -0.007829 
3.420000 51.249907 1.581407 0.007562 -0.021188 -0.006971 
3.430000 51.399907 1.581519 0.006627 -0.018569 -0.006109 
3.440000 51.549907 1.581603 0.005688 -0.015938 -0.005244 
3.450000 51.699907 1.581663 0.004746 -0.013297 -0.004375 
3.460000 51.849907 1.581703 0.003800 -0.010648 -0.003503 
3.470000 51.999906 1.581727 0.002852 -0.007992 -0.002629 
3.480000 52.149906 1.581739 0.001903 -0.005331 -0.001754 
3.490000 52.299906 1.581743 0.000952 -0.002666 -0.000877 
3.500000 52.449906 1.581743 0.000000 -0.000000 -0.000000 
3.510000 52.599906 1.581743 -0.000000 0.000000 0.000000 
3.520000 52.749906 1.581743 -0.000000 0.000000 0.000000 
3.530000 52.899906 1.581743 -0.000000 0.000000 0.000000 
3.540000 53.049906 1.581743 -0.000000 0.000000 0.000000 
3.550000 53.199906 1.581743 -0.000000 0.000000 0.000000 
3.560000 53.349906 1.581743 -0.000000 0.000000 0.000000 
3.570000 53.499906 1.581743 -0.000000 0.000000 0.000000 
3.580000 53.649906 1.581743 -0.000000 0.000000 0.000000 
3.590000 53.799906 1.581743 -0.000000 0.000000 0.000000 
3.600000 53.949906 1.581743 -0.000000 0.000000 0.000000 
3.610000 54.099906 1.581743 -0.000000 0.000000 0.000000 
3.620000 54.249906 1.581743 -0.000000 0.000000 0.000000 
3.630000 54.399906 1.581743 -0.000000 0.000000 0.000000 
3.640000 54.549906 1.581743 -0.000000 0.000000 0.000000 
3.650000 54.699906 1.581743 -0.000000 0.000000 0.000000 
3.660000 54.849906 1.581743 -0.000000 0.000000 0.000000 
3.670000 54.999906 1.581743 -0.000000 0.000000 0.000000 
3.680000 55.149906 1.581743 -0.000000 0.000000 0.000000 
3.690000 55.299906 1.581743 -0.000000 0.000000 0.000000 
3.700000 55.449906 1.581743 -0.000000 0.000000 0.000000 
3.710000 55.599906 1.581743 -0.000000 0.000000 0.000000 
3.720000 55.749906 1.581743 -0.000000 0.000000 0.000000 
3.730000 55.899906 1.581743 -0.000000 0.000000 0.000000 
3.740000 56.049906 1.581743 -0.000000 0.000000 0.000000 
3.750000 56.199906 1.581743 -0.000000 0.000000 0.000000 
3.760000 56.349906 1.581743 -0.000000 0.000000 0.000000 
3.770000 56.499906 1.581743 -0.000000 0.000000 0.000000 
3.780000 56.649906 1.581743 -0.000000 0.000000 0.000000 
3.790000 56.799906 1.581743 -0.000000 0.000000 0.000000 
3.800000 56.949906 1.581743 -0.000000 0.000000 0.000000 
3.810000 57.099906 1.581743 -0.000000 0.000000 0.000000 
3.820000 57.249906 1.581743 -0.000000 0.000000 0.000000 
3.830000 57.399906 1.581743 -0.000000 0.000000 0.000000 
3.840000 57.549906 1.581743 -0.000000 0.000000 0.000000 
3.850000 57.699906 1.581743 -0.000000 0.000000 0.000000 
3.860000 57.849906 1.581743 -0.000000 0.000000 0.000000 
3.870000 57.999906 1.581743 -0.000000 0.000000 0.000000 
3.880000 58.149906 1.581743 -0.000000 0.000000 0.000000 
3.890000 58.299906 1.581743 -0.000000 0.000000 0.000000 
3.900000 58.449906 1.581743 -0.000000 0.000000 0.000000 
3.910000 58.599906 1.581743 -0.000000 0.000000 0.000000 
3.920000 58.749906 1.581743 -0.000000 0.000000 0.000000 
3.930000 58.899906 1.581743 -0.000000 0.000000 0.000000 
3.940000 59.049906 1.581743 -0.000000 0.000000 0.000000 
3.950000 59.199906 1.581743 -0.000000 0.000000 0.000000 
3.960000 59.349906 1.581743 -0.000000 0.000000 0.000000 
3.970000 59.499906 1.581743 -0.000000 0.000000 0.000000 
3.980000 59.649906 1.581743 -0.000000 0.000000 0.000000 
3.990000 59.799906 1.581743 -0.000000 0.000000 0.000000 
4.000000 59.949906 1.581743 -0.000000 0.000000 0.000000 
4.010000 60.099906 1.581743 -0.000000 0.000000 0.000000 
4.020000 60.249906 1.581743 -0.000000 0.000000 0.000000 
4.030000 60.399906 1.581743 -0.000000 0.000000 0.000000 
4.040000 60.549906 1.581743 -0.000000 0.000000 0.000000 
4.050000 60.699906 1.581743 -0.000000 0.000000 0.000000 
4.060000 60.849906 1.581743 -0.000000 0.000000 0.000000 
4.070000 60.999906 1.581743 -0.000000 0.000000 0.000000 
4.080000 61.149906 1.581743 -0.000000 0.000000 0.000000 
4.090000 61.299906 1.581743 -0.000000 0.000000 0.000000 
4.100000 61.449906 1.581743 -0.000000 0.000000 0.000000 
4.110000 61.599906 1.581743 -0.000000 0.000000 0.000000 
4.120000 61.749906 1.581743 -0.000000 0.000000 0.000000 
4.130000 61.899906 1.581743 -0.000000 0.000000 0.000000 
4.140000 62.049906 1.581743 -0.000000 0.000000 0.000000 
4.150000 62.199906 1.581743 -0.000000 0.000000 0.000000 
4.160000 62.349906 1.581743 -0.000000 0.000000 0.000000 
4.170000 62.499906 1.581743 -0.000000 0.000000 0.000000 
4.180000 62.649906 1.581743 -0.000000 0.000000 0.000000 
4.190000 62.799906 1.581743 -0.000000 0.000000 0.000000 
4.200000 62.949906 1.581743 -0.000000 0.000000 0.000000 
4.210000 63.099906 1.581743 -0.000000 0.000000 0.000000 
4.220000 63.249906 1.581743 -0.000000 0.000000 0.000000 
4.230000 63.399906 1.581743 -0.000000 0.000000 0.000000 
4.240000 63.549906 1.581743 -0.000000 0.000000 0.000000 
4.250000 63.699906 1.581743 -0.000000 0.000000 0.000000 
4.260000 63.849906 1.581743 -0.000000 0.000000 0.000000 
4.270000 63.999906 1.581743 -0.000000 0.000000 0.000000 
4.280000 64.149906 1.581743 -0.000000 0.000000 0.000000 
4.290000 64.299906 1.581743 -0.000000 0.000000 0.000000 
4.300000 64.449906 1.581743 -0.000000 0.000000 0.000000 
4.310000 64.599906 1.581743 0.000952 -0.002666 -0.000877 
4.320000 64.749906 1.581739 0.001903 -0.005331 -0.001754 
4.330000 64.899906 1.581727 0.002852 -0.007992 -0.002629 
4.340000 65.049906 1.581703 0.003800 -0.010648 -0.003503 
4.350000 65.199906 1.581663 0.004746 -0.013297 -0.004375 
4.360000 65.349906 1.581603 0.005688 -0.015938 -0.005244 
4.370000 65.499906 1.581519 0.006627 -0.018569 -0.006109 
4.380000 65.649906 1.581407 0.007562 -0.021188 -0.006971 
4.390000 65.799906 1.581264 0.008492 -0.023794 -0.007829 
4.400000 65.949906 1.581085 0.009417 -0.026384 -0.008681 
4.410000 66.099906 1.580866 0.010336 -0.028958 -0.009528 
4.420000 66.249906 1.580604 0.011248 -0.031514 -0.010369 
4.430000 66.399906 1.580295 0.012153 -0.034050 -0.011203 
4.440000 66.549905 1.579934 0.013050 -0.036564 -0.012030 
4.450000 66.699905 1.579519 0.013939 -0.039056 -0.012850 
4.460000 66.849904 1.579045 0.014820 -0.041522 -0.013662 
4.470000 66.999903 1.578509 0.015691 -0.043963 -0.014464 
4.480000 67.149902 1.577906 0.016552 -0.046375 -0.015258 
4.490000 67.299900 1.577235 0.017402 -0.048759 -0.016042 
4.500000 67.449898 1.576490 0.018242 -0.051111 -0.016816 
4.510000 67.599896 1.575668 0.019070 -0.053431 -0.017580 
4.520000 67.749893 1.574767 0.019886 -0.055718 -0.018332 
4.530000 67.899890 1.573781 0.020690 -0.057969 -0.019073 
4.540000 68.049886 1.572709 0.021480 -0.060184 -0.019801 
4.550000 68.199882 1.571547 0.022257 -0.062360 -0.020518 
4.560000 68.349876 1.570291 0.023020 -0.064498 -0.021221 
4.570000 68.499870 1.568938 0.023768 -0.066594 -0.021911 
4.580000 68.649863 1.567485 0.024501 -0.068649 -0.022587 
4.590000 68.799855 1.565930 0.025219 -0.070660 -0.023248 
4.600000 68.949846 1.564268 0.025921 -0.072626 -0.023895 
4.610000 69.099836 1.562498 0.026606 -0.074547 -0.024527 
4.620000 69.249824 1.560615 0.027275 -0.076420 -0.025144 
4.630000 69.399811 1.558619 0.027927 -0.078246 -0.025744 
4.640000 69.549796 1.556504 0.028560 -0.080021 -0.026328 
4.650000 69.699779 1.554270 0.029176 -0.081747 -0.026896 
4.660000 69.849760 1.551913 0.029773 -0.083420 -0.027447 
4.670000 69.999740 1.549431 0.030352 -0.085041 -0.027980 
4.680000 70.149717 1.546821 0.030911 -0.086608 -0.028496 
4.690000 70.299692 1.544082 0.031451 -0.088121 -0.028993 
4.700000 70.449665 1.541210 0.031971 -0.089578 -0.029473 
4.710000 70.599635 1.538204 0.032471 -0.090978 -0.029933 
4.720000 70.749602 1.535062 0.032950 -0.092321 -0.030375 
4.730000 70.899566 1.531781 0.033409 -0.093606 -0.030798 
4.740000 71.049527 1.528360 0.033846 -0.094831 -0.031201 
4.750000 71.199484 1.524796 0.034262 -0.095996 -0.031584 
4.760000 71.349439 1.521089 0.034656 -0.097101 -0.031948 
4.770000 71.499389 1.517236 0.035029 -0.098145 -0.032291 
4.780000 71.649336 1.513236 0.035379 -0.099126 -0.032614 
4.790000 71.799278 1.509087 0.035707 -0.100045 -0.032917 
4.800000 71.949217 1.504788 0.036013 -0.100901 -0.033198 
4.810000 72.099151 1.500338 0.036295 -0.101693 -0.033459 
4.820000 72.249080 1.495735 0.036555 -0.102421 -0.033698 
4.830000 72.399005 1.490979 0.036792 -0.103084 -0.033916 
4.840000 72.548924 1.486069 0.037005 -0.103682 -0.034113 
4.850000 72.698839 1.481003 0.037195 -0.104215 -0.034288 
4.860000 72.848748 1.475780 0.037362 -0.104681 -0.034442 
4.870000 72.998651 1.470401 0.037505 -0.105082 -0.034574 
4.880000 73.148549 1.464864 0.037624 -0.105416 -0.034684 
4.890000 73.298441 1.459169 0.037719 -0.105684 -0.034772 
4.900000 73.448327 1.453316 0.037791 -0.105884 -0.034838 
4.910000 73.598206 1.447304 0.037839 -0.106018 -0.034882 
4.920000 73.748079 1.441133 0.037863 -0.106085 -0.034904 
4.930000 73.897946 1.434804 0.037863 -0.106085 -0.034904 
4.940000 74.047805 1.428315 0.037839 -0.106018 -0.034882 
4.950000 74.197658 1.421667 0.037791 -0.105884 -0.034838 
4.960000 74.347503 1.414861 0.037719 -0.105684 -0.034772 
4.970000 74.497341 1.407896 0.037624 -0.105416 -0.034684 
4.980000 74.647172 1.400774 0.037505 -0.105082 -0.034574 
4.990000 74.796996 1.393494 0.037362 -0.104681 -0.034442 
5.000000 74.946811 1.386057 0.037195 -0.104215 -0.034288 
5.010000 75.096619 1.378464 0.037005 -0.103682 -0.034113 
5.020000 75.246418 1.370715 0.036792 -0.103084 -0.033916 
5.030000 75.396210 1.362813 0.036555 -0.102421 -0.033698 
5.040000 75.545994 1.354756 0.036295 -0.101693 -0.033459 
5.050000 75.695769 1.346548 0.036013 -0.100901 -0.033198 
5.060000 75.845536 1.338188 0.035707 -0.100045 -0.032917 
5.070000 75.995294 1.329679 0.035379 -0.099126 -0.032614 
5.080000 76.145044 1.321021 0.035029 -0.098145 -0.032291 
5.090000 76.294785 1.312216 0.034656 -0.097101 -0.031948 
5.100000 76.444518 1.303266 0.034262 -0.095996 -0.031584 
5.110000 76.594242 1.294172 0.033846 -0.094831 -0.031201 
5.120000 76.743958 1.284936 0.033409 -0.093606 -0.030798 
5.130000 76.893664 1.275560 0.032950 -0.092321 -0.030375 
5.140000 77.043362 1.266046 0.032471 -0.090978 -0.029933 
5.150000 77.193052 1.256395 0.031971 -0.089578 -0.029473 
5.160000 77.342732 1.246610 0.031451 -0.088121 -0.028993 
5.170000 77.492404 1.236694 0.030911 -0.086608 -0.028496 
5.180000 77.642067 1.226648 0.030352 -0.085041 -0.027980 
5.190000 77.791722 1.216474 0.029773 -0.083420 -0.027447 
5.200000 77.941368 1.206176 0.029176 -0.081747 -0.026896 
5.210000 78.091005 1.195756 0.028560 -0.080021 -0.026328 
5.220000 78.240635 1.185215 0.027927 -0.078246 -0.025744 
5.230000 78.390256 1.174558 0.027275 -0.076420 -0.025144 
5.240000 78.539868 1.163786 0.026606 -0.074547 -0.024527 
5.250000 78.689473 1.152903 0.025921 -0.072626 -0.023895 
5.260000 78.839070 1.141911 0.025219 -0.070660 -0.023248 
5.270000 78.988659 1.130814 0.024501 -0.068649 -0.022587 
5.280000 79.138240 1.119614 0.023768 -0.066594 -0.021911 
5.290000 79.287814 1.108314 0.023020 -0.064498 -0.021221 
5.300000 79.437380 1.096917 0.022257 -0.062360 -0.020518 
5.310000 79.586939 1.085428 0.021480 -0.060184 -0.019801 
5.320000 79.736492 1.073848 0.020690 -0.057969 -0.019073 
5.330000 79.886037 1.062182 0.019886 -0.055718 -0.018332 
5.340000 80.035577 1.050432 0.019070 -0.053431 -0.017580 
5.350000 80.185109 1.038603 0.018242 -0.051111 -0.016816 
5.360000 80.334636 1.026697 0.017402 -0.048759 -0.016042 
5.370000 80.484157 1.014718 0.016552 -0.046375 -0.015258 
5.380000 80.633672 1.002670 0.015691 -0.043963 -0.014464 
5.390000 80.783182 0.990556 0.014820 -0.041522 -0.013662 
5.400000 80.932687 0.978380 0.013939 -0.039056 -0.012850 
5.410000 81.082188 0.966145 0.013050 -0.036564 -0.012030 
5.420000 81.231683 0.953856 0.012153 -0.034050 -0.011203 
5.430000 81.381175 0.941516 0.011248 -0.031514 -0.010369 
5.440000 81.530663 0.929129 0.010336 -0.028958 -0.009528 
5.450000 81.680147 0.916699 0.009417 -0.026384 -0.008681 
5.460000 81.829627 0.904229 0.008492 -0.023794 -0.007829 
5.470000 81.979105 0.891724 0.007562 -0.021188 -0.006971 
5.480000 82.128580 0.879187 0.006627 -0.018569 -0.006109 
5.490000 82.278053 0.866622 0.005688 -0.015938 -0.005244 
5.500000 82.427524 0.854033 0.004746 -0.013297 -0.004375 
5.510000 82.576993 0.841425 0.003800 -0.010648 -0.003503 
5.520000 82.726461 0.828800 0.002852 -0.007992 -0.002629 
5.530000 82.875928 0.816164 0.001903 -0.005331 -0.001754 
5.540000 83.025394 0.803520 0.000952 -0.002666 -0.000877 
5.550000 83.174860 0.790871 0.000000 -0.000000 -0.000000 
5.560000 83.324326 0.778223 -0.000952 0.002666 0.000877 
5.570000 83.473792 0.765579 -0.001903 0.005331 0.001754 
5.580000 83.623258 0.752942 -0.002852 0.007992 0.002629 
5.590000 83.772726 0.740318 -0.003800 0.010648 0.003503 
5.600000 83.922195 0.727709 -0.004746 0.013297 0.004375 
5.610000 84.071666 0.715121 -0.005688 0.015938 0.005244 
5.620000 84.221139 0.702556 -0.006627 0.018569 0.006109 
5.630000 84.370614 0.690019 -0.007562 0.021188 0.006971 
5.640000 84.520092 0.677514 -0.008492 0.023794 0.007829 
5.650000 84.669573 0.665044 -0.009417 0.026384 0.008681 
5.660000 84.819057 0.652613 -0.010336 0.028958 0.009528 
5.670000 84.968545 0.640226 -0.011248 0.031514 0.010369 
5.680000 85.118036 0.627886 -0.012153 0.034050 0.011203 
5.690000 85.267532 0.615597 -0.013050 0.036564 0.012030 
5.700000 85.417032 0.603363 -0.013939 0.039056 0.012850 
5.710000 85.566537 0.591187 -0.014820 0.041522 0.013662 
5.720000 85.716047 0.579073 -0.015691 0.043963 0.014464 
5.730000 85.865562 0.567025 -0.016552 0.046375 0.015258 
5.740000 86.015083 0.555046 -0.017402 0.048759 0.016042 
5.750000 86.164610 0.543140 -0.018242 0.051111 0.016816 
5.760000 86.314143 0.531311 -0.019070 0.053431 0.017580 
5.770000 86.463682 0.519561 -0.019886 0.055718 0.018332 
5.780000 86.613228 0.507895 -0.020690 0.057969 0.019073 
5.790000 86.762780 0.496315 -0.021480 0.060184 0.019801 
5.800000 86.912339 0.484825 -0.022257 0.062360 0.020518 
5.810000 87.061906 0.473429 -0.023020 0.064498 0.021221 
5.820000 87.211480 0.462129 -0.023768 0.066594 0.021911 
5.830000 87.361061 0.450929 -0.024501 0.068649 0.022587 
5.840000 87.510650 0.439831 -0.025219 0.070660 0.023248 
5.850000 87.660247 0.428839 -0.025921 0.072626 0.023895 
5.860000 87.809851 0.417956 -0.026606 0.074547 0.024527 
5.870000 87.959464 0.407185 -0.027275 0.076420 0.025144 
5.880000 88.109085 0.396527 -0.027927 0.078246 0.025744 
5.890000 88.258714 0.385987 -0.028560 0.080021 0.026328 
5.900000 88.408352 0.375566 -0.029176 0.081747 0.026896 
5.910000 88.557998 0.365268 -0.029773 0.083420 0.027447 
5.920000 88.707652 0.355095 -0.030352 0.085041 0.027980 
5.930000 88.857316 0.345049 -0.030911 0.086608 0.028496 
5.940000 89.006987 0.335132 -0.031451 0.088121 0.028993 
5.950000 89.156668 0.325348 -0.031971 0.089578 0.029473 
5.960000 89.306357 0.315697 -0.032471 0.090978 0.029933 
5.970000 89.456055 0.306183 -0.032950 0.092321 0.030375 
5.980000 89.605762 0.296807 -0.033409 0.093606 0.030798 
5.990000 89.755477 0.287571 -0.033846 0.094831 0.031201 
6.000000 89.905201 0.278477 -0.034262 0.095996 0.031584 
6.010000 90.054934 0.269527 -0.034656 0.097101 0.031948 
6.020000 90.204675 0.260722 -0.035029 0.098145 0.032291 
6.030000 90.354425 0.252064 -0.035379 0.099126 0.032614 
6.040000 90.504184 0.243554 -0.035707 0.100045 0.032917 
6.050000 90.653951 0.235195 -0.036013 0.100901 0.033198 
6.060000 90.803726 0.226986 -0.036295 0.101693 0.033459 
6.070000 90.953509 0.218930 -0.036555 0.102421 0.033698 
6.080000 91.103301 0.211027 -0.036792 0.103084 0.033916 
6.090000 91.253101 0.203279 -0.037005 0.103682 0.034113 
6.100000 91.402908 0.195686 -0.037195 0.104215 0.034288 
6.110000 91.552724 0.188249 -0.037362 0.104681 0.034442 
6.120000 91.702547 0.180969 -0.037505 0.105082 0.034574 
6.130000 91.852378 0.173846 -0.037624 0.105416 0.034684 
6.140000 92.002216 0.166882 -0.037719 0.105684 0.034772 
6.150000 92.152062 0.160075 -0.037791 0.105884 0.034838 
6.160000 92.301914 0.153428 -0.037839 0.106018 0.034882 
6.170000 92.451774 0.146939 -0.037863 0.106085 0.034904 
6.180000 92.601640 0.140609 -0.037863 0.106085 0.034904 
6.190000 92.751513 0.134438 -0.037839 0.106018 0.034882 
6.200000 92.901393 0.128427 -0.037791 0.105884 0.034838 
6.210000 93.051279 0.122573 -0.037719 0.105684 0.034772 
6.220000 93.201170 0.116879 -0.037624 0.105416 0.034684 
6.230000 93.351068 0.111342 -0.037505 0.105082 0.034574 
6.240000 93.500972 0.105962 -0.037362 0.104681 0.034442 
6.250000 93.650881 0.100740 -0.037195 0.104215 0.034288 
6.260000 93.800795 0.095674 -0.037005 0.103682 0.034113 
6.270000 93.950715 0.090763 -0.036792 0.103084 0.033916 
6.280000 94.100639 0.086007 -0.036555 0.102421 0.033698 
6.290000 94.250569 0.081405 -0.036295 0.101693 0.033459 
6.300000 94.400503 0.076955 -0.036013 0.100901 0.033198 
6.310000 94.550441 0.072656 -0.035707 0.100045 0.032917 
6.320000 94.700384 0.068507 -0.035379 0.099126 0.032614 
6.330000 94.850330 0.064507 -0.035029 0.098145 0.032291 
6.340000 95.000281 0.060654 -0.034656 0.097101 0.031948 
6.350000 95.150235 0.056946 -0.034262 0.095996 0.031584 
6.360000 95.300193 0.053383 -0.033846 0.094831 0.031201 
6.370000 95.450154 0.049962 -0.033409 0.093606 0.030798 
6.380000 95.600118 0.046681 -0.032950 0.092321 0.030375 
6.390000 95.750085 0.043538 -0.032471 0.090978 0.029933 
6.400000 95.900055 0.040532 -0.031971 0.089578 0.029473 
6.410000 96.050027 0.037661 -0.031451 0.088121 0.028993 
6.420000 96.200002 0.034921 -0.030911 0.086608 0.028496 
6.430000 96.349980 0.032312 -0.030352 0.085041 0.027980 
6.440000 96.499959 0.029830 -0.029773 0.083420 0.027447 
6.450000 96.649941 0.027473 -0.029176 0.081747 0.026896 
6.460000 96.799924 0.025238 -0.028560 0.080021 0.026328 
6.470000 96.949909 0.023124 -0.027927 0.078246 0.025744 
6.480000 97.099896 0.021127 -0.027275 0.076420 0.025144 
6.490000 97.249884 0.019245 -0.026606 0.074547 0.024527 
6.500000 97.399873 0.017474 -0.025921 0.072626 0.023895 
6.510000 97.549864 0.015813 -0.025219 0.070660 0.023248 
6.520000 97.699856 0.014257 -0.024501 0.068649 0.022587 
6.530000 97.849849 0.012805 -0.023768 0.066594 0.021911 
6.540000 97.999843 0.011452 -0.023020 0.064498 0.021221 
6.550000 98.149838 0.010196 -0.022257 0.062360 0.020518 
6.560000 98.299833 0.009033 -0.021480 0.060184 0.019801 
6.570000 98.449829 0.007961 -0.020690 0.057969 0.019073 
6.580000 98.599826 0.006976 -0.019886 0.055718 0.018332 
6.590000 98.749823 0.006074 -0.019070 0.053431 0.017580 
6.600000 98.899821 0.005253 -0.018242 0.051111 0.016816 
6.610000 99.049819 0.004508 -0.017402 0.048759 0.016042 
6.620000 99.199818 0.003836 -0.016552 0.046375 0.015258 
6.630000 99.349817 0.003234 -0.015691 0.043963 0.014464 
6.640000 99.499816 0.002698 -0.014820 0.041522 0.013662 
6.650000 99.649815 0.002224 -0.013939 0.039056 0.012850 
6.660000 99.799814 0.001809 -0.013050 0.036564 0.012030 
6.670000 99.949814 0.001448 -0.012153 0.034050 0.011203 
6.680000 100.099814 0.001139 -0.011248 0.031514 0.010369 
6.690000 100.249813 0.000877 -0.010336 0.028958 0.009528 
6.700000 100.399813 0.000658 -0.009417 0.026384 0.008681 
6.710000 100.549813 0.000479 -0.008492 0.023794 0.007829 
6.720000 100.699813 0.000335 -0.007562 0.021188 0.006971 
6.730000 100.849813 0.000224 -0.006627 0.018569 0.006109 
6.740000 100.999813 0.000140 -0.005688 0.015938 0.005244 
6.750000 101.149813 0.000080 -0.004746 0.013297 0.004375 
6.760000 101.299813 0.000040 -0.003800 0.010648 0.003503 
6.770000 101.449813 0.000016 -0.002852 0.007992 0.002629 
6.780000 101.599813 0.000004 -0.001903 0.005331 0.001754 
6.790000 101.749813 -0.000000 -0.000952 0.002666 0.000877 
6.800000 101.899813 -0.000000 -0.000000 0.000000 0.000000 
6.810000 102.049813 -0.000000 -0.000000 0.000000 0.000000 
6.820000 102.199813 -0.000000 -0.000000 0.000000 0.000000 
6.830000 102.349813 -0.000000 -0.000000 0.000000 0.000000 
6.840000 102.499813 -0.000000 -0.000000 0.000000 0.000000 
6.850000 102.649813 -0.000000 -0.000000 0.000000 0.000000 
6.860000 102.799813 -0.000000 -0.000000 0.000000 0.000000 
6.870000 102.949813 -0.000000 -0.000000 0.000000 0.000000 
6.880000 103.099813 -0.000000 -0.000000 0.000000 0.000000 
6.890000 103.249813 -0.000000 -0.000000 0.000000 0.000000 
6.900000 103.399813 -0.000000 -0.000000 0.000000 0.000000 
6.910000 103.549813 -0.000000 -0.000000 0.000000 0.000000 
6.920000 103.699813 -0.000000 -0.000000 0.000000 0.000000 
6.930000 103.849813 -0.000000 -0.000000 0.000000 0.000000 
6.940000 103.999813 -0.000000 -0.000000 0.000000 0.000000 
6.950000 104.149813 -0.000000 -0.000000 0.000000 0.000000 
6.960000 104.299813 -0.000000 -0.000000 0.000000 0.000000 
6.970000 104.449813 -0.000000 -0.000000 0.000000 0.000000 
6.980000 104.599813 -0.000000 -0.000000 0.000000 0.000000 
6.990000 104.749813 -0.000000 -0.000000 0.000000 0.000000 
7.000000 104.899813 -0.000000 -0.000000 0.000000 0.000000 
7.010000 105.049813 -0.000000 -0.000000 0.000000 0.000000 
7.020000 105.199813 -0.000000 -0.000000 0.000000 0.000000 
7.030000 105.349813 -0.000000 -0.000000 0.000000 0.000000 
7.040000 105.499813 -0.000000 -0.000000 0.000000 0.000000 
7.050000 105.649813 -0.000000 -0.000000 0.000000 0.000000 
7.060000 105.799813 -0.000000 -0.000000 0.000000 0.000000 
7.070000 105.949813 -0.000000 -0.000000 0.000000 0.000000 
7.080000 106.099813 -0.000000 -0.000000 0.000000 0.000000 
7.090000 106.249813 -0.000000 -0.000000 0.000000 0.000000 
7.100000 106.399813 -0.000000 -0.000000 0.000000 0.000000 
7.110000 106.549813 -0.000000 -0.000000 0.000000 0.000000 
7.120000 106.699813 -0.000000 -0.000000 0.000000 0.000000 
7.130000 106.849813 -0.000000 -0.000000 0.000000 0.000000 
7.140000 106.999813 -0.000000 -0.000000 0.000000 0.000000 
7.150000 107.149813 -0.000000 -0.000000 0.000000 0.000000 
7.160000 107.299813 -0.000000 -0.000000 0.000000 0.000000 
7.170000 107.449813 -0.000000 -0.000000 0.000000 0.000000 
7.180000 107.599813 -0.000000 -0.000000 0.000000 0.000000 
7.190000 107.749813 -0.000000 -0.000000 0.000000 0.000000 
7.200000 107.899813 -0.000000 -0.000000 0.000000 0.000000 
7.210000 108.049813 -0.000000 -0.000000 0.000000 0.000000 
7.220000 108.199813 -0.000000 -0.000000 0.000000 0.000000 
7.230000 108.349813 -0.000000 -0.000000 0.000000 0.000000 
7.240000 108.499813 -0.000000 -0.000000 0.000000 0.000000 
7.250000 108.649813 -0.000000 -0.000000 0.000000 0.000000 
7.260000 108.799813 -0.000000 -0.000000 0.000000 0.000000 
7.270000 108.949813 -0.000000 -0.000000 0.000000 0.000000 
7.280000 109.099813 -0.000000 -0.000000 0.000000 0.000000 
7.290000 109.249813 -0.000000 -0.000000 0.000000 0.000000 
7.300000 109.399813 -0.000000 -0.000000 0.000000 0.000000 
7.310000 109.549813 -0.000000 -0.000000 0.000000 0.000000 
7.320000 109.699813 -0.000000 -0.000000 0.000000 0.000000 
7.330000 109.849813 -0.000000 -0.000000 0.000000 0.000000 
7.340000 109.999813 -0.000000 -0.000000 0.000000 0.000000 
7.350000 110.149813 -0.000000 -0.000000 0.000000 0.000000 
7.360000 110.299813 -0.000000 -0.000000 0.000000 0.000000 
7.370000 110.449813 -0.000000 -0.000000 0.000000 0.000000 
7.380000 110.599813 -0.000000 -0.000000 0.000000 0.000000 
7.390000 110.749813 -0.000000 -0.000000 0.000000 0.000000 
7.400000 110.899813 -0.000000 -0.000000 0.000000 0.000000 
7.410000 111.049813 -0.000000 -0.000000 0.000000 0.000000 
7.420000 111.199813 -0.000000 -0.000000 0.000000 0.000000 
7.430000 111.349813 -0.000000 -0.000000 0.000000 0.000000 
7.440000 111.499813 -0.000000 -0.000000 0.000000 0.000000 
7.450000 111.649813 -0.000000 -0.000000 0.000000 0.000000 
7.460000 111.799813 -0.000000 -0.000000 0.000000 0.000000 
7.470000 111.949813 -0.000000 -0.000000 0.000000 0.000000 
7.480000 112.099813 -0.000000 -0.000000 0.000000 0.000000 
7.490000 112.249813 -0.000000 -0.000000 0.000000 0.000000 
7.500000 112.399813 -0.000000 -0.000000 0.000000 0.000000 
7.510000 112.549813 -0.000000 -0.000000 0.000000 0.000000 
7.520000 112.699813 -0.000000 -0.000000 0.000000 0.000000 
7.530000 112.849813 -0.000000 -0.000000 0.000000 0.000000 
7.540000 112.999813 -0.000000 -0.000000 0.000000 0.000000 
7.550000 113.149813 -0.000000 -0.000000 0.000000 0.000000 
7.560000 113.299813 -0.000000 -0.000000 0.000000 0.000000 
7.570000 113.449813 -0.000000 -0.000000 0.000000 0.000000 
7.580000 113.599813 -0.000000 -0.000000 0.000000 0.000000 
7.590000 113.749813 -0.000000 -0.000000 0.000000 0.000000 
7.600000 113.899813 -0.000000 -0.000000 0.000000 0.000000 
7.610000 114.049813 -0.000000 -0.000000 0.000000 0.000000 
7.620000 114.199813 -0.000000 -0.000000 0.000000 0.000000 
7.630000 114.349813 -0.000000 -0.000000 0.000000 0.000000 
7.640000 114.499813 -0.000000 -0.000000 0.000000 0.000000 
7.650000 114.649813 -0.000000 -0.000000 0.000000 0.000000 
7.660000 114.799813 -0.000000 -0.000000 0.000000 0.000000 
7.670000 114.949813 -0.000000 -0.000000 0.000000 0.000000 
7.680000 115.099813 -0.000000 -0.000000 0.000000 0.000000 
7.690000 115.249813 -0.000000 -0.000000 0.000000 0.000000 
7.700000 115.399813 -0.000000 -0.000000 0.000000 0.000000 
7.710000 115.549813 -0.000000 -0.000000 0.000000 0.000000 
7.720000 115.699813 -0.000000 -0.000000 0.000000 0.000000 
7.730000 115.849813 -0.000000 -0.000000 0.000000 0.000000 
7.740000 115.999813 -0.000000 -0.000000 0.000000 0.000000 
7.750000 116.149813 -0.000000 -0.000000 0.000000 0.000000 
7.760000 116.299813 -0.000000 -0.000000 0.000000 0.000000 
7.770000 116.449813 -0.000000 -0.000000 0.000000 0.000000 
7.780000 116.599813 -0.000000 -0.000000 0.000000 0.000000 
7.790000 116.749813 -0.000000 -0.000000 0.000000 0.000000 
7.800000 116.899813 -0.000000 -0.000000 0.000000 0.000000 
7.810000 117.049813 -0.000000 -0.000000 0.000000 0.000000 
7.820000 117.199813 -0.000000 -0.000000 0.000000 0.000000 
7.830000 117.349813 -0.000000 -0.000000 0.000000 0.000000 
7.840000 117.499813 -0.000000 -0.000000 0.000000 0.000000 
7.850000 117.649813 -0.000000 -0.000000 0.000000 0.000000 
7.860000 117.799813 -0.000000 -0.000000 0.000000 0.000000 
7.870000 117.949813 -0.000000 -0.000000 0.000000 0.000000 
7.880000 118.099813 -0.000000 -0.000000 0.000000 0.000000 
7.890000 118.249813 -0.000000 -0.000000 0.000000 0.000000 
7.900000 118.399813 -0.000000 -0.000000 0.000000 0.000000 
7.910000 118.549813 -0.000000 -0.000000 0.000000 0.000000 
7.920000 118.699813 -0.000000 -0.000000 0.000000 0.000000 
7.930000 118.849813 -0.000000 -0.000000 0.000000 0.000000 
7.940000 118.999813 -0.000000 -0.000000 0.000000 0.000000 
7.950000 119.149813 -0.000000 -0.000000 0.000000 0.000000 
7.960000 119.299813 -0.000000 -0.000000 0.000000 0.000000 
7.970000 119.449813 -0.000000 -0.000000 0.000000 0.000000 
7.980000 119.599813 -0.000000 -0.000000 0.000000 0.000000 
7.990000 119.749813 -0.000000 -0.000000 0.000000 0.000000 
8.000000 119.899813 -0.000000 -0.000000 0.000000 0.000000 
8.010000 120.049813 -0.000000 -0.000000 0.000000 0.000000 
8.020000 120.199813 -0.000000 -0.000000 0.000000 0.000000 
8.030000 120.349813 -0.000000 -0.000000 0.000000 0.000000 
8.040000 120.499813 -0.000000 -0.000000 0.000000 0.000000 
8.050000 120.649813 -0.000000 -0.000000 0.000000 0.000000 
8.060000 120.799813 -0.000000 -0.000000 0.000000 0.000000 
8.070000 120.949813 -0.000000 -0.000000 0.000000 0.000000 
8.080000 121.099813 -0.000000 -0.000000 0.000000 0.000000 
8.090000 121.249813 -0.000000 -0.000000 0.000000 0.000000 
8.100000 121.399813 -0.000000 -0.000000 0.000000 0.000000 
8.110000 121.549813 -0.000000 -0.000000 0.000000 0.000000 
8.120000 121.699813 -0.000000 -0.000000 0.000000 0.000000 
8.130000 121.849813 -0.000000 -0.000000 0.000000 0.000000 
8.140000 121.999813 -0.000000 -0.000000 0.000000 0.000000 
8.150000 122.149813 -0.000000 -0.000000 0.000000 0.000000 
8.160000 122.299813 -0.000000 -0.000000 0.000000 0.000000 
8.170000 122.449813 -0.000000 -0.000000 0.000000 0.000000 
8.180000 122.599813 -0.000000 -0.000000 0.000000 0.000000 
8.190000 122.749813 -0.000000 -0.000000 0.000000 0.000000 
8.200000 122.899813 -0.000000 -0.000000 0.000000 0.000000 
8.210000 123.049813 -0.000000 -0.000000 0.000000 0.000000 
8.220000 123.199813 -0.000000 -0.000000 0.000000 0.000000 
8.230000 123.349813 -0.000000 -0.000000 0.000000 0.000000 
8.240000 123.499813 -0.000000 -0.000000 0.000000 0.000000 
8.250000 123.649813 -0.000000 -0.000000 0.000000 0.000000 
8.260000 123.799813 -0.000000 -0.000000 0.000000 0.000000 
8.270000 123.949813 -0.000000 -0.000000 0.000000 0.000000 
8.280000 124.099813 -0.000000 -0.000000 0.000000 0.000000 
8.290000 124.249813 -0.000000 -0.000000 0.000000 0.000000 
8.300000 124.399813 -0.000000 -0.000000 0.000000 0.000000 
8.310000 124.549813 -0.000000 -0.000000 0.000000 0.000000 
8.320000 124.699813 -0.000000 -0.000000 0.000000 0.000000 
8.330000 124.849813 -0.000000 -0.000000 0.000000 0.000000 
8.340000 124.999813 -0.000000 -0.000000 0.000000 0.000000 
8.350000 125.149813 -0.000000 -0.000000 0.000000 0.000000 
8.360000 125.299813 -0.000000 -0.000000 0.000000 0.000000 
8.370000 125.449813 -0.000000 -0.000000 0.000000 0.000000 
8.380000 125.599813 -0.000000 -0.000000 0.000000 0.000000 
8.390000 125.749813 -0.000000 -0.000000 0.000000 0.000000 
8.400000 125.899813 -0.000000 -0.000000 0.000000 0.000000 
8.410000 126.049813 -0.000000 -0.000000 0.000000 0.000000 
8.420000 126.199813 -0.000000 -0.000000 0.000000 0.000000 
8.430000 126.349813 -0.000000 -0.000000 0.000000 0.000000 
8.440000 126.499813 -0.000000 -0.000000 0.000000 0.000000 
8.450000 126.649813 -0.000000 -0.000000 0.000000 0.000000 
8.460000 126.799813 -0.000000 -0.000000 0.000000 0.000000 
8.470000 126.949813 -0.000000 -0.000000 0.000000 0.000000 
8.480000 127.099813 -0.000000 -0.000000 0.000000 0.000000 
8.490000 127.249813 -0.000000 -0.000000 0.000000 0.000000 
8.500000 127.399813 -0.000000 -0.000000 0.000000 0.000000 
8.510000 127.549813 -0.000000 -0.000000 0.000000 0.000000 
8.520000 127.699813 -0.000000 -0.000000 0.000000 0.000000 
8.530000 127.849813 -0.000000 -0.000000 0.000000 0.000000 
8.540000 127.999813 -0.000000 -0.000000 0.000000 0.000000 
8.550000 128.149813 -0.000000 -0.000000 0.000000 0.000000 
8.560000 128.299813 -0.000000 -0.000000 0.000000 0.000000 
8.570000 128.449813 -0.000000 -0.000000 0.000000 0.000000 
8.580000 128.599813 -0.000000 -0.000000 0.000000 0.000000 
8.590000 128.749813 -0.000000 -0.000000 0.000000 0.000000 
8.600000 128.899813 -0.000000 -0.000000 0.000000 0.000000 
8.610000 129.049813 -0.000000 -0.000000 0.000000 0.000000 
8.620000 129.199813 -0.000000 -0.000000 0.000000 0.000000 
8.630000 129.349813 -0.000000 -0.000000 0.000000 0.000000 
8.640000 129.499813 -0.000000 -0.000000 0.000000 0.000000 
8.650000 129.649813 -0.000000 -0.000000 0.000000 0.000000 
8.660000 129.799813 -0.000000 -0.000000 0.000000 0.000000 
8.670000 129.949813 -0.000000 -0.000000 0.000000 0.000000 
8.680000 130.099813 -0.000000 -0.000000 0.000000 0.000000 
8.690000 130.249813 -0.000000 -0.000000 0.000000 0.000000 
8.700000 130.399813 -0.000000 -0.000000 0.000000 0.000000 
8.710000 130.549813 -0.000000 -0.000000 0.000000 0.000000 
8.720000 130.699813 -0.000000 -0.000000 0.000000 0.000000 
8.730000 130.849813 -0.000000 -0.000000 0.000000 0.000000 
8.740000 130.999813 -0.000000 -0.000000 0.000000 0.000000 
8.750000 131.149813 -0.000000 -0.000000 0.000000 0.000000 
8.760000 131.299813 -0.000000 -0.000000 0.000000 0.000000 
8.770000 131.449813 -0.000000 -0.000000 0.000000 0.000000 
8.780000 131.599813 -0.000000 -0.000000 0.000000 0.000000 
8.790000 131.749813 -0.000000 -0.000000 0.000000 0.000000 
8.800000 131.899813 -0.000000 -0.000000 0.000000 0.000000 
8.810000 132.049813 -0.000000 -0.000000 0.000000 0.000000 
8.820000 132.199813 -0.000000 -0.000000 0.000000 0.000000 
8.830000 132.349813 -0.000000 -0.000000 0.000000 0.000000 
8.840000 132.499813 -0.000000 -0.000000 0.000000 0.000000 
8.850000 132.649813 -0.000000 -0.000000 0.000000 0.000000 
8.860000 132.799813 -0.000000 -0.000000 0.000000 0.000000 
8.870000 132.949813 -0.000000 -0.000000 0.000000 0.000000 
8.880000 133.099813 -0.000000 -0.000000 0.000000 0.000000 
8.890000 133.249813 -0.000000 -0.000000 0.000000 0.000000 
8.900000 133.399813 -0.000000 -0.000000 0.000000 0.000000 
8.910000 133.549813 -0.000000 -0.000000 0.000000 0.000000 
8.920000 133.699813 -0.000000 -0.000000 0.000000 0.000000 
8.930000 133.849813 -0.000000 -0.000000 0.000000 0.000000 
8.940000 133.999813 -0.000000 -0.000000 0.000000 0.000000 
8.950000 134.149813 -0.000000 -0.000000 0.000000 0.000000 
8.960000 134.299813 -0.000000 -0.000000 0.000000 0.000000 
8.970000 134.449813 -0.000000 -0.000000 0.000000 0.000000 
8.980000 134.599813 -0.000000 -0.000000 0.000000 0.000000 
8.990000 134.749813 -0.000000 -0.000000 0.000000 0.000000 
9.000000 134.899813 -0.000000 -0.000000 0.000000 0.000000 
9.010000 135.049813 -0.000000 -0.000000 0.000000 0.000000 
9.020000 135.199813 -0.000000 -0.000000 0.000000 0.000000 
9.030000 135.349813 -0.000000 -0.000000 0.000000 0.000000 
9.040000 135.499813 -0.000000 -0.000000 0.000000 0.000000 
9.050000 135.649813 -0.000000 -0.000000 0.000000 0.000000 
9.060000 135.799813 -0.000000 -0.000000 0.000000 0.000000 
9.070000 135.949813 -0.000000 -0.000000 0.000000 0.000000 
9.080000 136.099813 -0.000000 -0.000000 0.000000 0.000000 
9.090000 136.249813 -0.000000 -0.000000 0.000000 0.000000 
9.100000 136.399813 -0.000000 -0.000000 0.000000 0.000000 
9.110000 136.549813 -0.000000 -0.000000 0.000000 0.000000 
9.120000 136.699813 -0.000000 -0.000000 0.000000 0.000000 
9.130000 136.849813 -0.000000 -0.000000 0.000000 0.000000 
9.140000 136.999813 -0.000000 -0.000000 0.000000 0.000000 
9.150000 137.149813 -0.000000 -0.000000 0.000000 0.000000 
9.160000 137.299813 -0.000000 -0.000000 0.000000 0.000000 
9.170000 137.449813 -0.000000 -0.000000 0.000000 0.000000 
9.180000 137.599813 -0.000000 -0.000000 0.000000 0.000000 
9.190000 137.749813 -0.000000 -0.000000 0.000000 0.000000 
9.200000 137.899813 -0.000000 -0.000000 0.000000 0.000000 
9.210000 138.049813 -0.000000 -0.000000 0.000000 0.000000 
9.220000 138.199813 -0.000000 -0.000000 0.000000 0.000000 
9.230000 138.349813 -0.000000 -0.000000 0.000000 0.000000 
9.240000 138.499813 -0.000000 -0.000000 0.000000 0.000000 
9.250000 138.649813 -0.000000 -0.000000 0.000000 0.000000 
9.260000 138.799813 -0.000000 -0.000000 0.000000 0.000000 
9.270000 138.949813 -0.000000 -0.000000 0.000000 0.000000 
9.280000 139.099813 -0.000000 -0.000000 0.000000 0.000000 
9.290000 139.249813 -0.000000 -0.000000 0.000000 0.000000 
9.300000 139.399813 -0.000000 -0.000000 0.000000 0.000000 
9.310000 139.549813 -0.000000 -0.000000 0.000000 0.000000 
9.320000 139.699813 -0.000000 -0.000000 0.000000 0.000000 
9.330000 139.849813 -0.000000 -0.000000 0.000000 0.000000 
9.340000 139.999813 -0.000000 -0.000000 0.000000 0.000000 
9.350000 140.149813 -0.000000 -0.000000 0.000000 0.000000 
9.360000 140.299813 -0.000000 -0.000000 0.000000 0.000000 
9.370000 140.449813 -0.000000 -0.000000 0.000000 0.000000 
9.380000 140.599813 -0.000000 -0.000000 0.000000 0.000000 
9.390000 140.749813 -0.000000 -0.000000 0.000000 0.000000 
9.400000 140.899813 -0.000000 -0.000000 0.000000 0.000000 
9.410000 141.049813 -0.000000 -0.000000 0.000000 0.000000 
9.420000 141.199813 -0.000000 -0.000000 0.000000 0.000000 
9.430000 141.349813 -0.000000 -0.000000 0.000000 0.000000 
9.440000 141.499813 -0.000000 -0.000000 0.000000 0.000000 
9.450000 141.649813 -0.000000 -0.000000 0.000000 0.000000 
9.460000 141.799813 -0.000000 -0.000000 0.000000 0.000000 
9.470000 141.949813 -0.000000 -0.000000 0.000000 0.000000 
9.480000 142.099813 -0.000000 -0.000000 0.000000 0.000000 
9.490000 142.249813 -0.000000 -0.000000 0.000000 0.000000 
9.500000 142.399813 -0.000000 -0.000000 0.000000 0.000000 
9.510000 142.549813 -0.000000 -0.000000 0.000000 0.000000 
9.520000 142.699813 -0.000000 -0.000000 0.000000 0.000000 
9.530000 142.849813 -0.000000 -0.000000 0.000000 0.000000 
9.540000 142.999813 -0.000000 -0.000000 0.000000 0.000000 
9.550000 143.149813 -0.000000 -0.000000 0.000000 0.000000 
9.560000 143.299813 -0.000000 -0.000000 0.000000 0.000000 
9.570000 143.449813 -0.000000 -0.000000 0.000000 0.000000 
9.580000 143.599813 -0.000000 -0.000000 0.000000 0.000000 
9.590000 143.749813 -0.000000 -0.000000 0.000000 0.000000 
9.600000 143.899813 -0.000000 -0.000000 0.000000 0.000000 
9.610000 144.049813 -0.000000 -0.000000 0.000000 0.000000 
9.620000 144.199813 -0.000000 -0.000000 0.000000 0.000000 
9.630000 144.349813 -0.000000 -0.000000 0.000000 0.000000 
9.640000 144.499813 -0.000000 -0.000000 0.000000 0.000000 
9.650000 144.649813 -0.000000 -0.000000 0.000000 0.000000 
9.660000 144.799813 -0.000000 -0.000000 0.000000 0.000000 
9.670000 144.949813 -0.000000 -0.000000 0.000000 0.000000 
9.680000 145.099813 -0.000000 -0.000000 0.000000 0.000000 
9.690000 145.249813 -0.000000 -0.000000 0.000000 0.000000 
9.700000 145.399813 -0.000000 -0.000000 0.000000 0.000000 
9.710000 145.549813 -0.000000 -0.000000 0.000000 0.000000 
9.720000 145.699813 -0.000000 -0.000000 0.000000 0.000000 
9.730000 145.849813 -0.000000 -0.000000 0.000000 0.000000 
9.740000 145.999813 -0.000000 -0.000000 0.000000 0.000000 
9.750000 146.149813 -0.000000 -0.000000 0.000000 0.000000 
9.760000 146.299813 -0.000000 -0.000000 0.000000 0.000000 
9.770000 146.449813 -0.000000 -0.000000 0.000000 0.000000 
9.780000 146.599813 -0.000000 -0.000000 0.000000 0.000000 
9.790000 146.749813 -0.000000 -0.000000 0.000000 0.000000 
9.800000 146.899813 -0.000000 -0.000000 0.000000 0.000000 
9.810000 147.049813 -0.000000 -0.000000 0.000000 0.000000 
9.820000 147.199813 -0.000000 -0.000000 0.000000 0.000000 
9.830000 147.349813 -0.000000 -0.000000 0.000000 0.000000 
9.840000 147.499813 -0.000000 -0.000000 0.000000 0.000000 
9.850000 147.649813 -0.000000 -0.000000 0.000000 0.000000 
9.860000 147.799813 -0.000000 -0.000000 0.000000 0.000000 
9.870000 147.949813 -0.000000 -0.000000 0.000000 0.000000 
9.880000 148.099813 -0.000000 -0.000000 0.000000 0.000000 
9.890000 148.249813 -0.000000 -0.000000 0.000000 0.000000 
9.900000 148.399813 -0.000000 -0.000000 0.000000 0.000000 
9.910000 148.549813 -0.000000 -0.000000 0.000000 0.000000 
9.920000 148.699813 -0.000000 -0.000000 0.000000 0.000000 
9.930000 148.849813 -0.000000 -0.000000 0.000000 0.000000 
9.940000 148.999813 -0.000000 -0.000000 0.000000 0.000000 
9.950000 149.149813 -0.000000 -0.000000 0.000000 0.000000 
9.960000 149.299813 -0.000000 -0.000000 0.000000 0.000000 
9.970000 149.449813 -0.000000 -0.000000 0.000000 0.000000 
9.980000 149.599813 -0.000000 -0.000000 0.000000 0.000000 
9.990000 149.749813 -0.000000 -0.000000 0.000000 0.000000 
10.000000 149.899813 -0.000000 -0.000000 0.000000 0.000000 
